448.44671630859375 35.33019256591797 567.1613159179688 0.28484392166137695 126.27540588378906 0.33009955286979675
448.44671630859375 35.33019256591797 567.1613159179688 0.28484392166137695 126.27540588378906 0.33009955286979675
448.44757080078125 35.33019256591797 567.160400390625 0.2848442792892456 126.27552032470703 0.3301001489162445
448.44671630859375 35.33019256591797 567.1613159179688 0.28484392166137695 126.27540588378906 0.33009955286979675
448.44757080078125 35.33019256591797 567.160400390625 0.2848442792892456 126.27552032470703 0.3301001489162445
448.44757080078125 35.33019256591797 567.160400390625 0.2848442792892456 126.27552032470703 0.3301001489162445
448.44757080078125 35.33019256591797 567.160400390625 0.2848442792892456 126.27552032470703 0.3301001489162445
448.44671630859375 35.33019256591797 567.1613159179688 0.28484392166137695 126.27540588378906 0.33009955286979675
448.44671630859375 35.33019256591797 567.1613159179688 0.28484392166137695 126.27540588378906 0.33009955286979675
448.44757080078125 35.33019256591797 567.160400390625 0.2848442792892456 126.27552032470703 0.3301001489162445
448.44671630859375 35.33019256591797 567.1613159179688 0.28484392166137695 126.27540588378906 0.33009955286979675
448.44757080078125 35.33019256591797 567.160400390625 0.2848442792892456 126.27552032470703 0.3301001489162445
448.44757080078125 35.33019256591797 567.160400390625 0.2848442792892456 126.27552032470703 0.3301001489162445
448.44671630859375 35.33019256591797 567.1613159179688 0.28484392166137695 126.27540588378906 0.33009955286979675
448.44671630859375 35.33019256591797 567.1613159179688 0.28484392166137695 126.27540588378906 0.33009955286979675
448.44671630859375 35.33019256591797 567.1613159179688 0.28484392166137695 126.27540588378906 0.33009955286979675
448.4468994140625 35.33019256591797 567.1615600585938 0.28484296798706055 126.27526092529297 0.3300989866256714
448.4468994140625 35.33019256591797 567.1615600585938 0.28484296798706055 126.27526092529297 0.3300989866256714
448.4468994140625 35.33019256591797 567.1615600585938 0.28484296798706055 126.27526092529297 0.3300989866256714
448.4468994140625 35.33019256591797 567.1615600585938 0.28484296798706055 126.27526092529297 0.3300989866256714
448.4468994140625 35.33019256591797 567.1615600585938 0.28484296798706055 126.27526092529297 0.3300989866256714
448.4469299316406 35.33019256591797 567.1605834960938 0.2848433256149292 126.27537536621094 0.33009955286979675
448.4469299316406 35.33019256591797 567.1605834960938 0.2848433256149292 126.27537536621094 0.33009955286979675
448.4469299316406 35.33019256591797 567.1605834960938 0.2848433256149292 126.27537536621094 0.33009955286979675
448.4460754394531 35.3301887512207 567.1605834960938 0.2848433256149292 126.27537536621094 0.33009955286979675
448.4460754394531 35.3301887512207 567.15966796875 0.28484365344047546 126.27549743652344 0.3301001489162445
448.4454040527344 35.3301887512207 567.158935546875 0.2848430573940277 126.27546691894531 0.3301001787185669
448.4440002441406 35.32925796508789 567.1572265625 0.2847243547439575 126.27555084228516 0.33010077476501465
448.4418640136719 35.329254150390625 567.150146484375 0.2847251892089844 126.27620697021484 0.3301043212413788
448.4410400390625 35.329254150390625 567.148193359375 0.2847259044647217 126.27644348144531 0.3301054835319519
448.4403991699219 35.329254150390625 567.1446533203125 0.2847263216972351 126.27676391601562 0.33010727167129517
448.4376525878906 35.329246520996094 567.1358642578125 0.2847268879413605 126.27750396728516 0.33011141419410706
448.43701171875 35.329246520996094 567.13232421875 0.2847273051738739 126.27783203125 0.33011317253112793
448.4355163574219 35.32924270629883 567.1287841796875 0.2847277522087097 126.27816009521484 0.3301149606704712
448.4350891113281 35.32924270629883 567.12548828125 0.28472721576690674 126.27833557128906 0.3301161527633667
448.4321594238281 35.32830810546875 567.10986328125 0.28460922837257385 126.27957916259766 0.33012327551841736
448.4289245605469 35.32830047607422 567.0996704101562 0.2846085727214813 126.28025817871094 0.330127477645874
448.4276428222656 35.32829666137695 567.0944213867188 0.28460875153541565 126.28067779541016 0.33012983202934265
448.4237365722656 35.327354431152344 567.0684814453125 0.2844875752925873 126.28227233886719 0.33014002442359924
448.419189453125 35.32663345336914 567.039306640625 0.2844955027103424 126.2831039428711 0.33032774925231934
448.41485595703125 35.325679779052734 567.008544921875 0.28436651825904846 126.28401947021484 0.3303363621234894
448.41302490234375 35.32566833496094 567.0000610351562 0.2843626141548157 126.28414154052734 0.3301902115345001
448.4106140136719 35.32473373413086 566.9899291992188 0.2842400372028351 126.28434753417969 0.3301927149295807
448.404541015625 35.322845458984375 566.956298828125 0.28399014472961426 126.28514862060547 0.3302013576030731
448.40252685546875 35.322837829589844 566.9475708007812 0.28398722410202026 126.28540802001953 0.3302038311958313
448.39569091796875 35.32002639770508 566.9138793945312 0.2836189270019531 126.28620910644531 0.33021247386932373
448.3894958496094 35.31721496582031 566.8790283203125 0.28325191140174866 126.28727722167969 0.3300742506980896
448.38055419921875 35.31254577636719 566.8455200195312 0.28264930844306946 126.28839874267578 0.33008402585983276
448.3691101074219 35.30625534057617 566.8082275390625 0.2819443345069885 126.2895278930664 0.33012622594833374
448.3592224121094 35.29973602294922 566.7800903320312 0.2811037600040436 126.29009246826172 0.3296889662742615
448.3460693359375 35.28880310058594 566.7406616210938 0.27980130910873413 126.2906494140625 0.32943347096443176
448.32568359375 35.2760009765625 566.685546875 0.27825888991355896 126.29198455810547 0.3284432590007782
448.3083190917969 35.26691436767578 566.6321411132812 0.27719393372535706 126.293701171875 0.3264179825782776
448.3034362792969 35.26435089111328 566.6153564453125 0.2769699692726135 126.29425811767578 0.32556653022766113
448.2876281738281 35.254337310791016 566.561767578125 0.27578750252723694 126.29612731933594 0.32220959663391113
448.2808837890625 35.249916076660156 566.5343627929688 0.27532440423965454 126.29718780517578 0.32076966762542725
448.2764892578125 35.24711990356445 566.51708984375 0.2749658226966858 126.29804992675781 0.31973955035209656
448.2586975097656 35.235721588134766 566.4544067382812 0.27382105588912964 126.3008041381836 0.3165990710258484
448.2352600097656 35.22013473510742 566.3834838867188 0.2723487317562103 126.30304718017578 0.31292980909347534
448.21356201171875 35.205482482910156 566.3345947265625 0.2714131772518158 126.30242156982422 0.310261994600296
448.1890869140625 35.19106674194336 566.2977294921875 0.27103757858276367 126.30039978027344 0.30848634243011475
448.1806640625 35.18571853637695 566.286376953125 0.27087724208831787 126.29944610595703 0.307903915643692
448.17138671875 35.18037033081055 566.2759399414062 0.27071642875671387 126.29837799072266 0.30732083320617676
448.134765625 35.16084289550781 566.235595703125 0.2703179121017456 126.29511260986328 0.3057321012020111
448.098388671875 35.143409729003906 566.1868896484375 0.2698739767074585 126.29370880126953 0.30390822887420654
448.0559387207031 35.122962951660156 566.1270751953125 0.2689436972141266 126.29390716552734 0.3019125759601593
448.0097961425781 35.10043716430664 566.0639038085938 0.26763901114463806 126.29428100585938 0.30018261075019836
447.9875183105469 35.088829040527344 566.0345458984375 0.2667834162712097 126.29448699951172 0.29934361577033997
447.9710388183594 35.08047103881836 566.0147705078125 0.26613250374794006 126.2944564819336 0.29858630895614624
447.95703125 35.073970794677734 565.9996948242188 0.26572033762931824 126.29430389404297 0.2981237769126892
447.9395751953125 35.064918518066406 565.9833374023438 0.2650867998600006 126.2939453125 0.2973964512348175
447.884521484375 35.034759521484375 565.9246826171875 0.26269131898880005 126.29325866699219 0.2942977845668793
447.86639404296875 35.02571105957031 565.90576171875 0.2620576024055481 126.29310607910156 0.29342377185821533
447.8493957519531 35.01573944091797 565.88427734375 0.26130542159080505 126.29315948486328 0.29269909858703613
447.8241271972656 35.00135803222656 565.8531494140625 0.26009348034858704 126.29345703125 0.2915649116039276
447.8063659667969 34.99046325683594 565.827880859375 0.2592242658138275 126.29398345947266 0.29084286093711853
447.7893981933594 34.980491638183594 565.7997436523438 0.25847455859184265 126.29486846923828 0.2902708053588867
447.73687744140625 34.94780349731445 565.7162475585938 0.25586557388305664 126.29692840576172 0.28825631737709045
447.6890869140625 34.91627883911133 565.6411743164062 0.25308170914649963 126.29808044433594 0.28599321842193604
447.6339111328125 34.87849044799805 565.56005859375 0.24958141148090363 126.29691314697266 0.28271788358688354
447.6170349121094 34.866668701171875 565.5379028320312 0.24858282506465912 126.2959976196289 0.2819896936416626
447.6069641113281 34.859710693359375 565.5245971679688 0.24789343774318695 126.29528045654297 0.2813130021095276
447.595947265625 34.853912353515625 565.51123046875 0.24745862185955048 126.29457092285156 0.2806682288646698
447.5850524902344 34.847190856933594 565.4969482421875 0.24690571427345276 126.29397583007812 0.28017210960388184
447.5741271972656 34.840232849121094 565.4807739257812 0.24621739983558655 126.29361724853516 0.2794974148273468
447.5184326171875 34.80824661254883 565.4109497070312 0.24355711042881012 126.2910385131836 0.2775784134864807
447.5065612792969 34.800601959228516 565.3935546875 0.24288779497146606 126.29094696044922 0.2772330045700073
447.4178161621094 34.750572204589844 565.3015747070312 0.23853151500225067 126.28713989257812 0.2749125063419342
447.4013366699219 34.74038314819336 565.28271484375 0.23763717710971832 126.28651428222656 0.27444908022880554
447.33538818359375 34.70149230957031 565.2127075195312 0.23430176079273224 126.28425598144531 0.27259528636932373
447.3125305175781 34.68783950805664 565.1845092773438 0.23306819796562195 126.28419494628906 0.2718719244003296
447.2449951171875 34.64619445800781 565.0877075195312 0.22938869893550873 126.285400390625 0.2695941627025604
447.22698974609375 34.6341667175293 565.0611572265625 0.2282600998878479 126.28572082519531 0.2685442566871643
447.2087707519531 34.62213897705078 565.0343627929688 0.22713258862495422 126.28619384765625 0.26779109239578247
447.1915283203125 34.61103820800781 565.0059814453125 0.2261231243610382 126.28675079345703 0.26689064502716064
447.1689453125 34.595542907714844 564.97509765625 0.22465218603610992 126.28689575195312 0.2658728361129761
447.1412353515625 34.57426452636719 564.9279174804688 0.2227514237165451 126.28730773925781 0.26451122760772705
447.10498046875 34.54512405395508 564.8709716796875 0.22004066407680511 126.28667449951172 0.2627669870853424
447.08563232421875 34.526851654052734 564.8333740234375 0.21820959448814392 126.28684997558594 0.26175081729888916
447.0700988769531 34.513206481933594 564.8041381835938 0.21697218716144562 126.28658294677734 0.2608790993690491
447.0538635253906 34.49932861328125 564.7732543945312 0.2155984342098236 126.2863998413086 0.25997617840766907
447.0335998535156 34.482906341552734 564.731201171875 0.21400052309036255 126.28654479980469 0.2586648166179657
446.9941101074219 34.449607849121094 564.6593017578125 0.2105356752872467 126.28623962402344 0.2561212480068207
446.9284362792969 34.39875411987305 564.561279296875 0.20521044731140137 126.28407287597656 0.2513342499732971
446.8541259765625 34.34123229980469 564.4547119140625 0.19934676587581635 126.28282165527344 0.24531683325767517
446.7828674316406 34.287200927734375 564.3410034179688 0.19383832812309265 126.28411102294922 0.24016864597797394
446.6918029785156 34.225128173828125 564.2184448242188 0.1878127157688141 126.28489685058594 0.23399609327316284
446.61761474609375 34.17691421508789 564.1263427734375 0.183567076921463 126.283935546875 0.2289939820766449
446.5966491699219 34.16422653198242 564.0966186523438 0.1824469119310379 126.2838134765625 0.22753138840198517
446.52197265625 34.11900329589844 563.9890747070312 0.17866837978363037 126.28173065185547 0.22255972027778625
446.4721984863281 34.090396881103516 563.9204711914062 0.17620030045509338 126.27967834472656 0.2188042253255844
446.3844299316406 34.04267120361328 563.809814453125 0.17175832390785217 126.27605438232422 0.2126939743757248
446.3312683105469 34.01201629638672 563.7322387695312 0.16892583668231964 126.27568817138672 0.20950846374034882
446.2415466308594 33.96110916137695 563.5872192382812 0.16430839896202087 126.27774810791016 0.20512507855892181
446.1896057128906 33.92771911621094 563.5038452148438 0.1611310988664627 126.27904510498047 0.20239320397377014
446.1083679199219 33.874080657958984 563.373291015625 0.15617132186889648 126.28153991699219 0.19860194623470306
446.0863952636719 33.858882904052734 563.3309936523438 0.15483130514621735 126.28263092041016 0.19762468338012695
446.0632629394531 33.84368896484375 563.292236328125 0.15348589420318604 126.28292846679688 0.19664286077022552
446.0348815917969 33.82434844970703 563.2417602539062 0.1518115997314453 126.28336334228516 0.19543248414993286
446.0055847167969 33.803855895996094 563.1961059570312 0.149876207113266 126.2827377319336 0.1940358430147171
445.97564697265625 33.78313446044922 563.1534423828125 0.14780251681804657 126.28160858154297 0.1926039755344391
445.9511413574219 33.76679229736328 563.119873046875 0.14619290828704834 126.2805404663086 0.19143438339233398
445.82232666015625 33.67936706542969 562.9376220703125 0.13773109018802643 126.27743530273438 0.1854010820388794
445.767578125 33.64281463623047 562.8605346679688 0.13433419167995453 126.277099609375 0.18316954374313354
445.6698913574219 33.57709884643555 562.7346801757812 0.12808474898338318 126.2763442993164 0.17857159674167633
445.56134033203125 33.49992752075195 562.5624389648438 0.12099722027778625 126.28014373779297 0.17272035777568817
445.4625244140625 33.427581787109375 562.3917236328125 0.11420571058988571 126.283203125 0.1660296618938446
445.3638916015625 33.357078552246094 562.2280883789062 0.1076134443283081 126.28244018554688 0.1590224802494049
445.3370666503906 33.33755874633789 562.1842041015625 0.10579518228769302 126.28205108642578 0.15747959911823273
445.30950927734375 33.318965911865234 562.1434326171875 0.10409221798181534 126.28115844726562 0.15563735365867615
445.28277587890625 33.30037307739258 562.1045532226562 0.10238800197839737 126.28002166748047 0.15379343926906586
445.2565612792969 33.28178024291992 562.066162109375 0.10068584978580475 126.27906799316406 0.15180233120918274
445.14898681640625 33.20561599731445 561.9118041992188 0.09365124255418777 126.27650451660156 0.14443692564964294
445.1089172363281 33.175113677978516 561.8458251953125 0.09082191437482834 126.27693939208984 0.14229261875152588
445.01654052734375 33.104034423828125 561.6930541992188 0.0842621773481369 126.27774047851562 0.13739781081676483
444.9958190917969 33.0877571105957 561.6615600585938 0.08265948295593262 126.2777099609375 0.13623401522636414
444.9095153808594 33.019203186035156 561.5078735351562 0.0763084664940834 126.27783966064453 0.13308072090148926
444.7838439941406 32.91950988769531 561.3054809570312 0.06669572740793228 126.27517700195312 0.12870217859745026
444.6801452636719 32.84190368652344 561.1390380859375 0.05914859101176262 126.27574157714844 0.1251116245985031
444.64923095703125 32.819942474365234 561.0901489257812 0.057111967355012894 126.27642059326172 0.12405329942703247
444.5249938964844 32.736961364746094 560.9085083007812 0.049683406949043274 126.27748107910156 0.11954443156719208
444.4166259765625 32.66862869262695 560.747314453125 0.04371477663516998 126.27606964111328 0.11444401741027832
444.29913330078125 32.59827423095703 560.5814819335938 0.03733273223042488 126.27178192138672 0.10677985101938248
444.1847839355469 32.52958297729492 560.4144897460938 0.031089624390006065 126.27092742919922 0.0986599326133728
444.1421203613281 32.50358581542969 560.34765625 0.02871587872505188 126.27213287353516 0.09575065970420837
444.0100402832031 32.42471694946289 560.138916015625 0.02188311517238617 126.27555847167969 0.08641418069601059
443.9789123535156 32.40395736694336 560.0835571289062 0.020090634003281593 126.27644348144531 0.08420850336551666
443.8608093261719 32.32456588745117 559.8880004882812 0.012945941649377346 126.27581787109375 0.07626169174909592
443.8296813964844 32.3035774230957 559.8433227539062 0.010998076759278774 126.27429962158203 0.07400668412446976
443.7892150878906 32.2755241394043 559.7879638671875 0.008219162002205849 126.2721939086914 0.07133911550045013
443.619873046875 32.1533203125 559.5109252929688 179.9962615966797 -126.27123260498047 -179.9385528564453
443.5937805175781 32.135562896728516 559.4705810546875 179.99453735351562 -126.27178955078125 -179.93966674804688
443.47216796875 32.055694580078125 559.2745971679688 179.98703002929688 -126.27481079101562 -179.944580078125
443.3457946777344 31.973331451416016 559.0724487304688 179.979248046875 -126.27457427978516 -179.94992065429688
443.3041076660156 31.947629928588867 559.0065307617188 179.9769744873047 -126.27376556396484 -179.95176696777344
443.2458190917969 31.909868240356445 558.9114379882812 179.97340393066406 -126.27286529541016 -179.95484924316406
443.203125 31.883045196533203 558.8433227539062 179.97088623046875 -126.2724380493164 -179.9574737548828
443.17706298828125 31.866912841796875 558.8034057617188 179.96925354003906 -126.27223205566406 -179.959228515625
443.0356750488281 31.782024383544922 558.585693359375 179.96112060546875 -126.27406311035156 -179.9694366455078
442.9132080078125 31.706457138061523 558.3848876953125 179.95431518554688 -126.27658081054688 -179.97840881347656
442.7654113769531 31.614761352539062 558.1500244140625 179.94625854492188 -126.27437591552734 -179.98861694335938
442.6174011230469 31.519739151000977 557.9243774414062 179.93702697753906 -126.27336883544922 -179.99798583984375
442.5783386230469 31.49641990661621 557.86376953125 179.93487548828125 -126.27436065673828 179.9999542236328
442.39666748046875 31.380956649780273 557.5885620117188 179.9239044189453 -126.27861022949219 179.99224853515625
442.3153381347656 31.329097747802734 557.463134765625 179.91937255859375 -126.27838134765625 179.98992919921875
442.280517578125 31.305070877075195 557.4066772460938 179.91720581054688 -126.2778091430664 179.98878479003906
442.2529602050781 31.288089752197266 557.3661499023438 179.91586303710938 -126.27693939208984 179.98834228515625
442.21710205078125 31.264984130859375 557.3135375976562 179.91380310058594 -126.27542114257812 179.98704528808594
442.17919921875 31.24213218688965 557.26123046875 179.91188049316406 -126.27407836914062 179.98593139648438
441.9945373535156 31.13227653503418 556.99609375 179.90277099609375 -126.27146911621094 179.9803466796875
441.7675476074219 30.974605560302734 556.6163330078125 179.888671875 -126.27299499511719 179.96636962890625
441.7317199707031 30.949037551879883 556.5597534179688 179.88638305664062 -126.2719497680664 179.96348571777344
441.59527587890625 30.84929656982422 556.3350830078125 179.87750244140625 -126.27066040039062 179.95310974121094
441.5672302246094 30.82872772216797 556.2889404296875 179.8756866455078 -126.27082824707031 179.95118713378906
441.5381774902344 30.807947158813477 556.2453002929688 179.87374877929688 -126.27078247070312 179.9490966796875
441.3710021972656 30.693099975585938 555.9879150390625 179.86326599121094 -126.27324676513672 179.9385986328125
441.32421875 30.65946388244629 555.9072875976562 179.86032104492188 -126.27406311035156 179.93630981445312
441.28668212890625 30.633285522460938 555.8439331054688 179.85806274414062 -126.2743148803711 179.9344940185547
441.1579284667969 30.5452938079834 555.6204223632812 179.8501739501953 -126.27417755126953 179.92796325683594
441.11004638671875 30.515108108520508 555.5408935546875 179.84754943847656 -126.27425384521484 179.92593383789062
440.94818115234375 30.415925979614258 555.3123779296875 179.83824157714844 -126.27381896972656 179.91868591308594
440.8960266113281 30.384471893310547 555.2368774414062 179.8352508544922 -126.27455139160156 179.91629028320312
440.8264465332031 30.33948516845703 555.1311645507812 179.83128356933594 -126.275146484375 179.91343688964844
440.6768798828125 30.2365779876709 554.8941650390625 179.822265625 -126.27275085449219 179.90570068359375
440.6395568847656 30.21136474609375 554.834228515625 179.82008361816406 -126.271728515625 179.90330505371094
440.59002685546875 30.178752899169922 554.7640991210938 179.81723022460938 -126.2701416015625 179.90025329589844
440.4368896484375 30.0778751373291 554.55029296875 179.80763244628906 -126.26763916015625 179.8897247314453
440.2703552246094 29.970401763916016 554.3067626953125 179.79737854003906 -126.26850128173828 179.87916564941406
440.1335754394531 29.882890701293945 554.088623046875 179.78903198242188 -126.26721954345703 179.87057495117188
440.08538818359375 29.852609634399414 554.0174560546875 179.78623962402344 -126.26575469970703 179.86790466308594
439.9338073730469 29.764198303222656 553.793701171875 179.7780303955078 -126.26410675048828 179.86134338378906
439.7458190917969 29.657381057739258 553.5103759765625 179.76824951171875 -126.26573944091797 179.8539276123047
439.5991516113281 29.563554763793945 553.2588500976562 179.7597198486328 -126.26624298095703 179.8472137451172
439.4494323730469 29.467798233032227 553.0296630859375 179.7508087158203 -126.26453399658203 179.8379364013672
439.25390625 29.346349716186523 552.74951171875 179.7396697998047 -126.26600646972656 179.82569885253906
439.1986389160156 29.311983108520508 552.6724853515625 179.73643493652344 -126.26589965820312 179.82203674316406
439.084228515625 29.238483428955078 552.4981079101562 179.73001098632812 -126.26451873779297 179.81480407714844
438.9312744140625 29.140457153320312 552.2645874023438 179.7212371826172 -126.26185607910156 179.80479431152344
438.8888244628906 29.113693237304688 552.204345703125 179.71881103515625 -126.26116180419922 179.80238342285156
438.8466491699219 29.087841033935547 552.1461791992188 179.7165069580078 -126.26055145263672 179.80027770996094
438.6806640625 28.981969833374023 551.8948364257812 179.70709228515625 -126.26128387451172 179.79310607910156
438.6307678222656 28.947370529174805 551.81298828125 179.70413208007812 -126.26143646240234 179.7911834716797
438.4906921386719 28.843690872192383 551.5631713867188 179.69493103027344 -126.26155090332031 179.78530883789062
438.35498046875 28.744831085205078 551.328857421875 179.6860809326172 -126.262939453125 179.77903747558594
438.3135986328125 28.716548919677734 551.2620849609375 179.68356323242188 -126.26386260986328 179.77713012695312
438.2407531738281 28.667369842529297 551.1396484375 179.67922973632812 -126.26664733886719 179.77322387695312
438.1884765625 28.631990432739258 551.0575561523438 179.6761474609375 -126.26774597167969 179.7704315185547
438.1372985839844 28.59839630126953 550.981689453125 179.6732940673828 -126.26736450195312 179.7674560546875
438.08624267578125 28.56435775756836 550.9050903320312 179.670166015625 -126.26696014404297 179.76397705078125
437.9427490234375 28.469785690307617 550.6616821289062 179.66197204589844 -126.2660903930664 179.75392150878906
437.90447998046875 28.444875717163086 550.6000366210938 179.65975952148438 -126.26533508300781 179.751220703125
437.7323913574219 28.33858299255371 550.3272094726562 179.6505584716797 -126.26599884033203 179.7415313720703
437.66754150390625 28.29823875427246 550.2366943359375 179.6468505859375 -126.26567840576172 179.73890686035156
437.504150390625 28.190139770507812 549.9775390625 179.63658142089844 -126.26516723632812 179.73219299316406
437.4574279785156 28.15519905090332 549.8951416015625 179.63331604003906 -126.2646713256836 179.7303466796875
437.4115905761719 28.12002944946289 549.8156127929688 179.62991333007812 -126.26382446289062 179.72816467285156
437.3730773925781 28.092029571533203 549.751708984375 179.62709045410156 -126.2634506225586 179.7261505126953
437.3333740234375 28.063156127929688 549.686279296875 179.62416076660156 -126.26349639892578 179.7239990234375
437.1278991699219 27.92013931274414 549.3782958984375 179.61012268066406 -126.2627944946289 179.7126007080078
436.9013366699219 27.772287368774414 549.0202026367188 179.5958251953125 -126.2621078491211 179.69606018066406
436.6981506347656 27.64596939086914 548.6920166015625 179.5840606689453 -126.26483154296875 179.680908203125
436.5146789550781 27.53007698059082 548.412109375 179.57321166992188 -126.26463317871094 179.66983032226562
436.46630859375 27.49734115600586 548.3363037109375 179.57029724121094 -126.26363372802734 179.66786193847656
436.28521728515625 27.371503829956055 548.0283203125 179.55886840820312 -126.26336669921875 179.66017150878906
436.23541259765625 27.338171005249023 547.9533081054688 179.5559844970703 -126.26319122314453 179.65853881835938
436.1108703613281 27.25638771057129 547.7678833007812 179.548828125 -126.2644271850586 179.6537628173828
435.93121337890625 27.144763946533203 547.5162963867188 179.5394744873047 -126.26160430908203 179.64491271972656
435.8802795410156 27.11215591430664 547.4404296875 179.53652954101562 -126.26045227050781 179.6417694091797
435.8406066894531 27.085918426513672 547.3754272460938 179.53419494628906 -126.26004791259766 179.6391143798828
435.77154541015625 27.04096221923828 547.265380859375 179.5303497314453 -126.25908660888672 179.6350555419922
435.4631042480469 26.83336067199707 546.8005981445312 179.51214599609375 -126.25859069824219 179.618896484375
435.4224548339844 26.805397033691406 546.7362060546875 179.5095672607422 -126.25821685791016 179.61712646484375
435.2740783691406 26.69468879699707 546.4827270507812 179.49925231933594 -126.25794982910156 179.6116485595703
435.1896057128906 26.627403259277344 546.337890625 179.49267578125 -126.25843811035156 179.6078643798828
435.03387451171875 26.51275634765625 546.0713500976562 179.48196411132812 -126.2620849609375 179.59994506835938
434.98516845703125 26.478233337402344 545.9932861328125 179.47866821289062 -126.26178741455078 179.596923828125
434.9350891113281 26.444637298583984 545.9119873046875 179.47547912597656 -126.26152801513672 179.59361267089844
434.8745422363281 26.405811309814453 545.8117065429688 179.47193908691406 -126.26128387451172 179.58924865722656
434.8443908691406 26.386058807373047 545.7621459960938 179.47018432617188 -126.26103210449219 179.5870819091797
434.8025207519531 26.359098434448242 545.69921875 179.46771240234375 -126.26056671142578 179.583984375
434.7634582519531 26.33388328552246 545.6340942382812 179.46548461914062 -126.26063537597656 179.5808868408203
434.6031494140625 26.22716522216797 545.3660278320312 179.45553588867188 -126.26392364501953 179.56787109375
434.5632019042969 26.200218200683594 545.30322265625 179.45309448242188 -126.264404296875 179.56478881835938
434.5229797363281 26.173049926757812 545.242919921875 179.45050048828125 -126.26420593261719 179.5618133544922
434.38348388671875 26.075267791748047 545.0172729492188 179.44065856933594 -126.26416778564453 179.55133056640625
434.32257080078125 26.032516479492188 544.9265747070312 179.43637084960938 -126.2625961303711 179.5477752685547
434.1731872558594 25.926876068115234 544.6856079101562 179.42579650878906 -126.26116180419922 179.54052734375
434.093994140625 25.873722076416016 544.55029296875 179.4208526611328 -126.26235961914062 179.53729248046875
433.97314453125 25.79779052734375 544.3477783203125 179.41380310058594 -126.26466369628906 179.53195190429688
433.81842041015625 25.708520889282227 544.1172485351562 179.4061279296875 -126.2620849609375 179.52450561523438
433.7780456542969 25.685007095336914 544.058349609375 179.4039764404297 -126.26100158691406 179.5218048095703
433.73626708984375 25.66064453125 543.9966430664062 179.40171813964844 -126.2605972290039 179.51898193359375
433.5624084472656 25.556861877441406 543.7200927734375 179.39254760742188 -126.26200103759766 179.50718688964844
433.5030212402344 25.520296096801758 543.6218872070312 179.38938903808594 -126.26312255859375 179.50347900390625
433.362060546875 25.430294036865234 543.3922119140625 179.38218688964844 -126.26417541503906 179.49758911132812
433.2199401855469 25.337203979492188 543.1781005859375 179.37429809570312 -126.2616195678711 179.49276733398438
433.169189453125 25.302751541137695 543.09619140625 179.37123107910156 -126.26148986816406 179.49118041992188
433.00927734375 25.18936538696289 542.8341674804688 179.3609161376953 -126.26411437988281 179.4864044189453
432.96942138671875 25.163726806640625 542.7615356445312 179.3587188720703 -126.26624298095703 179.4851531982422
432.9292907714844 25.136524200439453 542.6921997070312 179.3563995361328 -126.2677230834961 179.4839324951172
432.79180908203125 25.044889450073242 542.4696044921875 179.3485107421875 -126.26765441894531 179.47833251953125
432.7622375488281 25.023733139038086 542.4217529296875 179.34661865234375 -126.26716613769531 179.47694396972656
432.701171875 24.98594093322754 542.3267822265625 179.34341430664062 -126.26605224609375 179.47341918945312
432.6405334472656 24.943681716918945 542.2321166992188 179.33961486816406 -126.26480102539062 179.46958923339844
432.5243835449219 24.86789321899414 542.0590209960938 179.33273315429688 -126.26374816894531 179.46163940429688
432.460693359375 24.82735824584961 541.9550170898438 179.32908630371094 -126.26527404785156 179.45738220214844
432.419677734375 24.79711151123047 541.8873901367188 179.32614135742188 -126.26604461669922 179.45445251464844
432.3785400390625 24.768646240234375 541.8271484375 179.32339477539062 -126.26554870605469 179.45166015625
432.3276062011719 24.733001708984375 541.7550048828125 179.31993103027344 -126.26441955566406 179.44821166992188
432.2878723144531 24.70317268371582 541.695556640625 179.3168182373047 -126.26348114013672 179.4451904296875
432.1454162597656 24.601856231689453 541.4866943359375 179.30699157714844 -126.25960540771484 179.4365692138672
431.9906005859375 24.49892234802246 541.2627563476562 179.29681396484375 -126.25735473632812 179.42822265625
431.90789794921875 24.445058822631836 541.1364135742188 179.2914581298828 -126.25801849365234 179.42388916015625
431.8473815917969 24.407258987426758 541.0453491210938 179.28775024414062 -126.25819396972656 179.420654296875
431.808837890625 24.382368087768555 540.9828491210938 179.28549194335938 -126.25822448730469 179.4187469482422
431.7796630859375 24.364437103271484 540.9346313476562 179.2838134765625 -126.25835418701172 179.4171600341797
431.6050109863281 24.249217987060547 540.6532592773438 179.2732696533203 -126.25613403320312 179.40565490722656
431.40167236328125 24.114591598510742 540.33447265625 179.26014709472656 -126.2576675415039 179.388916015625
431.18878173828125 23.96908950805664 540.0030517578125 179.2464599609375 -126.25790405273438 179.37429809570312
431.02001953125 23.853126525878906 539.73095703125 179.2361602783203 -126.25557708740234 179.36766052246094
430.8475341796875 23.753541946411133 539.481201171875 179.22772216796875 -126.25531005859375 179.36314392089844
430.6717529296875 23.65205192565918 539.2008056640625 179.2196807861328 -126.2577133178711 179.35772705078125
430.61309814453125 23.614978790283203 539.1062622070312 179.21669006347656 -126.25662231445312 179.3548583984375
430.451171875 23.51827049255371 538.8460693359375 179.20916748046875 -126.25556182861328 179.34490966796875
430.289794921875 23.422714233398438 538.6139526367188 179.20108032226562 -126.25599670410156 179.33441162109375
430.23602294921875 23.390600204467773 538.5314331054688 179.1982421875 -126.25714874267578 179.33078002929688
430.08160400390625 23.288898468017578 538.3004150390625 179.18899536132812 -126.25572204589844 179.32118225097656
430.0330505371094 23.25482940673828 538.2224731445312 179.18585205078125 -126.25467681884766 179.3184051513672
429.73883056640625 23.066612243652344 537.7651977539062 179.1691436767578 -126.25325775146484 179.30770874023438
429.4092102050781 22.8391056060791 537.2132568359375 179.14706420898438 -126.25499725341797 179.28651428222656
429.25640869140625 22.73113441467285 536.986083984375 179.1359100341797 -126.25282287597656 179.27435302734375
429.10540771484375 22.629920959472656 536.7738647460938 179.1259002685547 -126.25189208984375 179.26492309570312
428.94598388671875 22.527997970581055 536.5424194335938 179.11605834960938 -126.24955749511719 179.25711059570312
428.8743896484375 22.48116111755371 536.436767578125 179.11167907714844 -126.24822235107422 179.2542724609375
428.7054443359375 22.37982940673828 536.1835327148438 179.10276794433594 -126.24894714355469 179.24905395507812
428.5563659667969 22.290306091308594 535.9592895507812 179.09510803222656 -126.2511215209961 179.24351501464844
428.5049133300781 22.257678985595703 535.8754272460938 179.09222412109375 -126.2515869140625 179.2407989501953
428.33990478515625 22.144208908081055 535.605224609375 179.08250427246094 -126.24952697753906 179.22935485839844
428.19598388671875 22.044954299926758 535.3609619140625 179.07431030273438 -126.25005340576172 179.21922302246094
428.15631103515625 22.016942977905273 535.2937622070312 179.07191467285156 -126.25069427490234 179.21658325195312
428.015625 21.92622184753418 535.0592651367188 179.06396484375 -126.2529067993164 179.2073211669922
427.865478515625 21.835895538330078 534.816650390625 179.0559539794922 -126.25102233886719 179.20098876953125
427.69390869140625 21.728656768798828 534.5240478515625 179.04676818847656 -126.25045013427734 179.19485473632812
427.5735778808594 21.656587600708008 534.3440551757812 179.04080200195312 -126.2501220703125 179.1905059814453
427.40618896484375 21.55683708190918 534.1027221679688 179.031982421875 -126.24772644042969 179.181396484375
427.3430480957031 21.519147872924805 534.0177001953125 179.0285186767578 -126.24565887451172 179.1771240234375
427.1728820800781 21.404541015625 533.7489624023438 179.0176239013672 -126.24482727050781 179.16465759277344
427.1134338378906 21.361980438232422 533.6568603515625 179.0133819580078 -126.24498748779297 179.1602020263672
426.9402770996094 21.24374008178711 533.3927001953125 179.0018310546875 -126.24578857421875 179.15037536621094
426.7677001953125 21.130939483642578 533.1422729492188 178.990966796875 -126.24179077148438 179.1429901123047
426.6070861816406 21.023632049560547 532.877197265625 178.981201171875 -126.24281311035156 179.13726806640625
426.5157165527344 20.961776733398438 532.7169799804688 178.9756622314453 -126.24639129638672 179.1330108642578
426.4645080566406 20.92704963684082 532.6270141601562 178.9725341796875 -126.24850463867188 179.13021850585938
426.3628234863281 20.856014251708984 532.4658813476562 178.9661102294922 -126.24954986572266 179.12387084960938
426.10791015625 20.670461654663086 532.0537719726562 178.9491424560547 -126.24634552001953 179.1042938232422
425.9405517578125 20.56229591369629 531.7646484375 178.9401092529297 -126.2493896484375 179.09466552734375
425.81951904296875 20.488386154174805 531.5757446289062 178.93382263183594 -126.24934387207031 179.08917236328125
425.6742248535156 20.40056800842285 531.3593139648438 178.92669677734375 -126.246337890625 179.083984375
425.5188903808594 20.29936981201172 531.1307983398438 178.9174346923828 -126.24446105957031 179.0760498046875
425.3561706542969 20.187753677368164 530.8756103515625 178.90704345703125 -126.24592590332031 179.06532287597656
425.2161865234375 20.09188461303711 530.649658203125 178.89837646484375 -126.24520874023438 179.0558624267578
425.0618896484375 19.990812301635742 530.4105224609375 178.88906860351562 -126.24368286132812 179.0464630126953
424.9081726074219 19.895668029785156 530.1529541015625 178.88009643554688 -126.24756622314453 179.03964233398438
424.8686828613281 19.870723724365234 530.089111328125 178.8776397705078 -126.24820709228516 179.03790283203125
424.724609375 19.777671813964844 529.8394775390625 178.8688507080078 -126.25048828125 179.03248596191406
424.6790466308594 19.7462100982666 529.758056640625 178.86595153808594 -126.24978637695312 179.03065490722656
424.6419982910156 19.721540451049805 529.69677734375 178.8636474609375 -126.24847412109375 179.0290985107422
424.5056457519531 19.634124755859375 529.474609375 178.85543823242188 -126.24588012695312 179.0204315185547
424.3301086425781 19.523387908935547 529.2015380859375 178.84530639648438 -126.2472915649414 179.00750732421875
424.1408996582031 19.39630699157715 528.8871459960938 178.8342742919922 -126.24874877929688 178.9945526123047
423.9923400878906 19.30023193359375 528.6483154296875 178.82608032226562 -126.2470474243164 178.9866943359375
423.8240966796875 19.196943283081055 528.4036254882812 178.81752014160156 -126.24723052978516 178.9808807373047
423.6580505371094 19.09034538269043 528.1376953125 178.80860900878906 -126.24982452392578 178.97576904296875
